95
96
97
100
104
98
103
102
105
107
106
251
240
241
242
243
249
248
247
246
245
244
250
239
238
222
223
224
230
229
226
225
231
162
115
137
119
118
122
124
125
126
123
128
129
130
127
133
131
114
110
111
112
113
132
134
135
201
170
164
163
168
169
167
177
200
178
179
181
182
180
184
185
183
186
199
187
198
188
197
136
232
235
233
234
189
121
120
166
165
117
116
161
138
140
141
142
139
144
145
146
143
148
149
150
147
152
153
154
151
157
155
156
158
159
176
172
173
174
175
171
160
192
191
190
221
202
203
204
206
208
207
205
213
214
215
219
216
217
218
220
